20200504
20200505
20200506
20200723
20200724
20200810
20200921
20200922
20201103
20201123
20210101
20210111
20210211
20210223
20210320
20210429
20210503
20210504
20210505
20210722
20210723
20210808
20210809
20210920
20210923
20211103
20211123
20220101
20220110
20220211
20220223
20220321
20220429
20220503
20220504
20220505
20220718
20220811
20220919
20220923
20221010
20221103
20221123
20230101
20230102
20230109
20230211
20230223
20230321
20230429
20230503
20230504
20230505
20230717
20230811
20230918
20230923
20231009
20231103
20231123
20240101
20240108
20240211
20240212
20240223
20240320
20240429
20240503
20240504
20240505
20240506
20240715
20240811
20240812
20240916
20240922
20240923
20241014
20241103
20241104
20241123
20250101
20250113
20250211
20250223
20250224
20250320
20250429
20250503
20250504
20250505
20250506
20250721
20250811
20250915
20250923
20251013
20251103
20251123
20251124
